zeta =

    1.0090


wn =

    0.9780


wb =

    0.6202


fb =

    0.0987